0000000000007154 0000000000006130 0000000000000078 0000000000006958
0000000000005341 0000000000000122 0000000000003821 0000000000006740
0000000000000065 0000000000002001 0000000000005578 0000000000000051
0000000000004193 0000000000008223 0000000000000077 0000000000002506
0000000000007761 0000000000000122 0000000000002754 0000000000001723
0000000000000065 0000000000003694 0000000000005397 0000000000000049
0000000000007187 0000000000003142 0000000000000078 0000000000008532
0000000000009657 0000000000000068 0000000000000443 0000000000003957
0000000000000099 0000000000003133 0000000000006270 0000000000000050
0000000000002565 0000000000007475 0000000000000077 0000000000002547
0000000000004039 0000000000000106 0000000000006935 0000000000005374
0000000000000069 0000000000005077 0000000000007007 0000000000000053
0000000000007382 0000000000000687 0000000000000078 0000000000001959
0000000000004403 0000000000000122 0000000000000725 0000000000004355
0000000000000077 0000000000008902 0000000000006753 0000000000000121
0000000000007336 0000000000006634 0000000000000077 0000000000009318
0000000000001301 0000000000000084 0000000000003082 0000000000000860
0000000000000065 0000000000003065 0000000000001723 0000000000000119
0000000000004487 0000000000008785 0000000000000046 0000000000003100
0000000000000403 0000000000000088 0000000000007835 0000000000004594
0000000000000114 0000000000005111 0000000000000921 0000000000000071
0000000000005328 0000000000003213 0000000000000053 0000000000007286
0000000000007193 0000000000000070 0000000000009506 0000000000008506
0000000000000103 0000000000000944 0000000000007958 0000000000000046
0000000000009289 0000000000006527 0000000000000082 0000000000008967
0000000000007532 0000000000000052 0000000000009117 0000000000002174
0000000000000052 0000000000004356 0000000000002528 0000000000000116
0000000000003153 0000000000000630 0000000000000081 0000000000003704
0000000000001124 0000000000000097 0000000000004612 0000000000008673
0000000000000083 0000000000009455 0000000000008179 0000000000000088
0000000000009272 0000000000006436 0000000000000076 0000000000003601
0000000000004426 0000000000000055 0000000000001266 0000000000008352
0000000000000054 0000000000002513 0000000000008463 0000000000000067
0000000000003613 0000000000002214 0000000000000076 0000000000006614
0000000000006731 0000000000000116 0000000000000603 0000000000008484
0000000000000052 0000000000008322 0000000000007192 0000000000000067
0000000000000392 0000000000006064 0000000000000052 0000000000003708
0000000000007007 0000000000000071 0000000000007539 0000000000007626
0000000000000097 0000000000002706 0000000000007542 0000000000000079
0000000000009643 0000000000000359 0000000000000077 0000000000005025
0000000000000214 0000000000000077 0000000000002519 0000000000003277
0000000000000076 0000000000001855 0000000000000924 0000000000000089
0000000000007007 0000000000004239 0000000000000055 0000000000008301
0000000000006922 0000000000000105 0000000000003259 0000000000007524
0000000000000119 0000000000006907 0000000000008224 0000000000009786
